0 0.092532 0.149684 0.125000 0.120153
0 0.171672 0.323671 0.049513 0.171647
0 0.185471 0.503121 0.096591 0.177889
0 0.283279 0.555395 0.089286 0.135757
0 0.435065 0.675548 0.071429 0.223141
0 0.635958 0.510143 0.127435 0.163845
0 0.685877 0.363462 0.090909 0.107670
0 0.566964 0.255013 0.083604 0.181010
0 0.796266 0.079133 0.087662 0.158266
0 0.834010 0.240969 0.057630 0.196614
0 0.903409 0.274518 0.058442 0.241867
0 0.962256 0.670087 0.075487 0.149801
0 0.901786 0.716900 0.055195 0.268394
0 0.672484 0.766833 0.060877 0.159164
0 0.602679 0.887767 0.078734 0.204416
0 0.498377 0.936140 0.100649 0.126395
0 0.182224 0.901811 0.059253 0.195054
0 0.117695 0.908384 0.055195 0.183232
0 0.059659 0.815987 0.026786 0.188812
0 0.015422 0.613911 0.030844 0.227823
0 0.017451 0.819108 0.034902 0.151362
0 0.041396 0.958766 0.082792 0.078021