0 0.390016 0.249188 0.112825 0.196429
0 0.022321 0.285714 0.044642 0.191558
0 0.049919 0.477273 0.085227 0.149351
0 0.118912 0.532468 0.086851 0.123377
0 0.246753 0.609578 0.112013 0.189935
0 0.028815 0.888799 0.057630 0.222402
0 0.421266 0.611201 0.107143 0.089286
0 0.456575 0.506494 0.114448 0.152597
0 0.510958 0.329545 0.101461 0.120130
0 0.607955 0.058442 0.126623 0.116883
0 0.890016 0.136364 0.083604 0.240260
0 0.851867 0.241071 0.077110 0.186688
0 0.704140 0.265422 0.052760 0.271104
0 0.849026 0.448864 0.108766 0.147727
0 0.973620 0.368506 0.052760 0.201299
0 0.793019 0.599026 0.123377 0.126623
0 0.703328 0.663961 0.090097 0.227273
0 0.506494 0.749188 0.069805 0.173701
0 0.418019 0.793019 0.063312 0.160714
0 0.395698 0.872565 0.120942 0.105519
0 0.877029 0.916396 0.072240 0.160714
0 0.932630 0.919643 0.042208 0.147727