0 0.032062 0.216869 0.064123 0.182565
0 0.493912 0.145700 0.109578 0.213508
0 0.652597 0.226152 0.084416 0.145433
0 0.874594 0.159624 0.085227 0.263017
0 0.957386 0.532490 0.085227 0.185659
0 0.878247 0.648528 0.081169 0.250640
0 0.558847 0.417227 0.127435 0.140792
0 0.616477 0.729754 0.072240 0.199584
0 0.497971 0.858168 0.133929 0.106754
0 0.512175 0.769980 0.089286 0.190301
0 0.436688 0.643886 0.123377 0.179471
0 0.284903 0.525528 0.105519 0.177924
0 0.156250 0.482981 0.094968 0.142339
0 0.056818 0.430378 0.077922 0.247546
0 0.036932 0.879188 0.073864 0.241624