0 0.156656 0.254634 0.077922 0.208745
0 0.255682 0.364499 0.077922 0.131839
0 0.209010 0.499084 0.090097 0.130008
0 0.245536 0.756353 0.062500 0.175785
0 0.171266 0.806708 0.066558 0.199589
0 0.111201 0.895516 0.084416 0.128176
0 0.043019 0.659305 0.063312 0.194096
0 0.443994 0.607119 0.120130 0.108034
0 0.419237 0.660221 0.054383 0.283819
0 0.428166 0.252803 0.046266 0.245366
0 0.370130 0.196039 0.048701 0.190434
0 0.342127 0.076962 0.056006 0.153924
0 0.584416 0.143853 0.063312 0.195927
0 0.560877 0.242732 0.063312 0.170292
0 0.743506 0.098075 0.069805 0.181278
0 0.812906 0.388303 0.068994 0.190434
0 0.854708 0.571413 0.040584 0.227055
0 0.887581 0.497253 0.041396 0.184940
0 0.716721 0.386472 0.037338 0.227055
0 0.657062 0.359921 0.064123 0.177616
0 0.635552 0.522889 0.095779 0.151981
0 0.573864 0.899234 0.061688 0.201532
0 0.631494 0.800299 0.047078 0.172123
0 0.668019 0.893685 0.063312 0.161136
0 0.713474 0.861641 0.043831 0.199589
0 0.829545 0.876289 0.047078 0.203251
0 0.918831 0.856147 0.042208 0.206913
0 0.944805 0.686771 0.061688 0.164798
0 0.934659 0.362668 0.044643 0.230718
0 0.922484 0.059566 0.038149 0.119132
0 0.970373 0.889163 0.038149 0.221674