0 0.262164 0.259926 0.112551 0.229529
0 0.414970 0.347395 0.110908 0.124069
0 0.350069 0.511166 0.165130 0.121588
0 0.401826 0.772333 0.069831 0.172457
0 0.303652 0.866005 0.133090 0.186104
0 0.166044 0.900124 0.166773 0.083127
0 0.141808 0.709057 0.149520 0.165012
0 0.696348 0.702233 0.103514 0.245658
0 0.675810 0.951613 0.165951 0.096774
0 0.924326 0.918114 0.107622 0.163772
0 0.790415 0.503102 0.127339 0.145161
0 0.908306 0.251861 0.116659 0.176179
0 0.927612 0.144541 0.071474 0.222084
0 0.682382 0.259305 0.075582 0.250620
0 0.548471 0.107940 0.116659 0.176179