0 0.065182 0.082506 0.088834 0.110422
0 0.015643 0.230149 0.031285 0.179901
0 0.264474 0.479529 0.094678 0.140199
0 0.407660 0.553350 0.095847 0.101737
0 0.345710 0.658809 0.154290 0.096774
0 0.385451 0.832506 0.100522 0.106700
0 0.148756 0.811414 0.143770 0.089330
0 0.121872 0.934243 0.136757 0.086849
0 0.266811 0.926799 0.099354 0.146402
0 0.548508 0.929280 0.174161 0.076923
0 0.677083 0.795285 0.066625 0.173697
0 0.772346 0.832506 0.063119 0.133995
0 0.903258 0.942308 0.133251 0.115384
0 0.676499 0.489454 0.091171 0.169975
0 0.911441 0.407568 0.086496 0.147643
0 0.918454 0.507444 0.119224 0.109181
0 0.532144 0.379032 0.129744 0.102978
0 0.600522 0.191067 0.065456 0.116625
0 0.513442 0.233251 0.057274 0.146402
0 0.416426 0.061414 0.054937 0.122828
0 0.328177 0.071340 0.070132 0.142680
0 0.345125 0.209057 0.059612 0.152605
0 0.243434 0.165633 0.057274 0.182382
0 0.178562 0.168734 0.081821 0.124069
0 0.703967 0.126551 0.115718 0.076923
0 0.956442 0.219603 0.082989 0.166253
0 0.976760 0.078164 0.046480 0.138958
0 0.930727 0.037221 0.073639 0.074442
0 0.867608 0.133375 0.085327 0.152605
0 0.793385 0.029777 0.074807 0.054591
0 0.719162 0.044665 0.071301 0.059553