0 0.250622 0.228288 0.145436 0.210918
0 0.414546 0.325062 0.087097 0.133995
0 0.553820 0.093052 0.130646 0.146402
0 0.677071 0.242556 0.081346 0.224566
0 0.895636 0.244417 0.130646 0.196030
0 0.921519 0.132134 0.118321 0.207196
0 0.819220 0.602357 0.091206 0.261787
0 0.678714 0.661290 0.079702 0.270471
0 0.390307 0.735732 0.125716 0.183623
0 0.352920 0.477667 0.164335 0.114144
0 0.279791 0.826303 0.123251 0.156328
0 0.165579 0.687965 0.139685 0.098015
0 0.146680 0.910050 0.154475 0.100496
0 0.619143 0.919355 0.141328 0.161290
0 0.901799 0.890819 0.092027 0.158809