0 0.143368 0.502481 0.106709 0.171216
0 0.063617 0.185484 0.061779 0.172457
0 0.129889 0.204094 0.052793 0.162531
0 0.182120 0.115385 0.116818 0.079404
0 0.297815 0.103598 0.053916 0.165012
0 0.239406 0.218362 0.128051 0.066998
0 0.275350 0.559553 0.116818 0.066998
0 0.225927 0.665633 0.123558 0.083127
0 0.189983 0.738213 0.112325 0.079404
0 0.268610 0.837469 0.076381 0.094293
0 0.195038 0.896402 0.111202 0.125310
0 0.104616 0.921216 0.107832 0.090571
0 0.519657 0.790323 0.081997 0.146402
0 0.737567 0.956576 0.081997 0.081886
0 0.810579 0.949132 0.097723 0.089330
0 0.926274 0.924938 0.070765 0.150124
0 0.693761 0.761166 0.126927 0.050868
0 0.741499 0.653846 0.125804 0.086849
0 0.845961 0.570099 0.087614 0.093052
0 0.927958 0.619107 0.042684 0.178660
0 0.926274 0.612283 0.122434 0.068238
0 0.961656 0.405707 0.058409 0.158809
0 0.713979 0.511166 0.052793 0.126551
0 0.743745 0.440447 0.089860 0.126551
0 0.790360 0.228288 0.070765 0.133995
0 0.813948 0.128412 0.070765 0.090571
0 0.781374 0.053350 0.073011 0.106700
0 0.695446 0.169355 0.065149 0.167494
0 0.640968 0.066998 0.090983 0.062035
0 0.512356 0.073821 0.132544 0.117866
0 0.560094 0.166873 0.104462 0.068238
0 0.528081 0.499380 0.083121 0.179901
0 0.414071 0.363524 0.151639 0.064516
0 0.379812 0.259305 0.053916 0.131514
0 0.453385 0.212779 0.104462 0.093052
0 0.484274 0.303350 0.148269 0.090571