0 0.345475 0.103598 0.319991 0.117866
0 0.657260 0.122829 0.281701 0.099256
0 0.471283 0.216501 0.451269 0.080645
0 0.754351 0.315757 0.240677 0.177419
0 0.375559 0.377792 0.330930 0.172457
0 0.081800 0.372829 0.163600 0.160050
0 0.513675 0.487593 0.410244 0.091811
0 0.727002 0.607940 0.278966 0.153846
0 0.642218 0.766749 0.240677 0.141439
0 0.219666 0.732630 0.188712 0.182382
0 0.248383 0.927419 0.207857 0.145161
0 0.727002 0.928660 0.262556 0.137717
0 0.923919 0.837469 0.147688 0.188586
0 0.028468 0.935484 0.056936 0.129032