0 0.044237 0.594696 0.056006 0.218755
0 0.103490 0.789226 0.112825 0.170306
0 0.361201 0.767204 0.074675 0.170306
0 0.280032 0.867038 0.087662 0.164433
0 0.256088 0.907413 0.093344 0.133602
0 0.578328 0.663699 0.067370 0.212882
0 0.291802 0.520554 0.132305 0.105707
0 0.233766 0.265095 0.099026 0.190860
0 0.380276 0.333365 0.088474 0.104239
0 0.482549 0.062810 0.125812 0.125620
0 0.576705 0.281245 0.056006 0.202605
0 0.621753 0.510277 0.099026 0.176178
0 0.727273 0.406772 0.087662 0.201137
0 0.737419 0.259957 0.117695 0.101303
0 0.778003 0.144707 0.086851 0.193796
0 0.883117 0.414113 0.058442 0.189392
0 0.947240 0.428795 0.048701 0.253991
0 0.971997 0.113462 0.049513 0.226923
0 0.959416 0.898283 0.056818 0.203433
0 0.842127 0.969489 0.081981 0.061022
0 0.778003 0.933105 0.106331 0.129197