0 0.184253 0.239461 0.094156 0.175644
0 0.315747 0.355094 0.089286 0.114169
0 0.254464 0.505123 0.122565 0.168326
0 0.058442 0.657348 0.105519 0.200527
0 0.114448 0.904713 0.116883 0.098068
0 0.209010 0.842506 0.085227 0.199063
0 0.302760 0.751025 0.079545 0.171253
0 0.537744 0.696868 0.077110 0.250293
0 0.767857 0.643443 0.163961 0.131733
0 0.555601 0.947600 0.138799 0.104800
0 0.755276 0.919789 0.096591 0.160422
0 0.867695 0.939842 0.105519 0.118560
0 0.899756 0.827137 0.075487 0.165398
0 0.920049 0.546838 0.129058 0.099532
0 0.959010 0.108753 0.062500 0.217506
0 0.760958 0.128220 0.088474 0.201991
0 0.721997 0.225556 0.086851 0.141979
0 0.550731 0.248244 0.067370 0.245902
0 0.538149 0.435597 0.121753 0.181499
0 0.428166 0.099239 0.068994 0.198478
0 0.858766 0.369731 0.081169 0.193208
0 0.914773 0.393150 0.064935 0.210773
0 0.956575 0.420960 0.068994 0.096604