0 0.981176 0.155707 0.037550 0.194789
0 0.885155 0.081266 0.081537 0.162531
0 0.739247 0.067618 0.133034 0.098015
0 0.622306 0.135236 0.087974 0.131514
0 0.533259 0.189206 0.070808 0.169975
0 0.447967 0.048387 0.063298 0.096774
0 0.373939 0.165012 0.056861 0.186104
0 0.346045 0.031638 0.086901 0.063275
0 0.278455 0.116625 0.071881 0.178660
0 0.207110 0.107940 0.081537 0.161290
0 0.090169 0.052109 0.064371 0.104218
0 0.034381 0.178040 0.064371 0.194789
0 0.292402 0.450372 0.110504 0.151365
0 0.440457 0.526675 0.095484 0.098015
0 0.372330 0.642060 0.150200 0.120347
0 0.707598 0.795285 0.097630 0.181141
0 0.705988 0.457196 0.060080 0.189826
0 0.565981 0.345533 0.114796 0.115385
0 0.933434 0.366005 0.109431 0.161290
0 0.940407 0.490074 0.116941 0.116625
0 0.943626 0.956576 0.099776 0.086848
0 0.815419 0.946650 0.062226 0.106700
0 0.531113 0.957196 0.143763 0.083127
0 0.418999 0.833747 0.095484 0.119107
0 0.296157 0.906328 0.077246 0.172457
0 0.179216 0.812035 0.135180 0.078164
0 0.153468 0.950372 0.124451 0.089330