0 0.345779 0.280982 0.115260 0.191751
0 0.029627 0.339914 0.056006 0.189992
0 0.044237 0.500880 0.081981 0.138976
0 0.120130 0.562451 0.079545 0.107310
0 0.231331 0.677678 0.074675 0.179437
0 0.033685 0.901290 0.051136 0.197420
0 0.329140 0.893178 0.081981 0.138976
0 0.379870 0.821931 0.064935 0.193510
0 0.451705 0.775312 0.051136 0.142494
0 0.538149 0.652169 0.105519 0.096755
0 0.643263 0.708463 0.065747 0.223416
0 0.799513 0.913408 0.081169 0.130180
0 0.851867 0.725176 0.073864 0.182955
0 0.943182 0.887900 0.042208 0.184714
0 0.845373 0.954749 0.103084 0.079163
0 0.842532 0.542220 0.107143 0.112588
0 0.421266 0.521990 0.102273 0.128420
0 0.465097 0.383894 0.081169 0.112588
0 0.640422 0.312647 0.056818 0.191751
0 0.627841 0.123535 0.060877 0.147771
0 0.556006 0.090990 0.079545 0.146012
0 0.168831 0.035380 0.061688 0.070759
0 0.774351 0.268667 0.073052 0.149531
0 0.800325 0.181588 0.076299 0.214620
0 0.961039 0.140247 0.068182 0.216380
0 0.878653 0.389171 0.070617 0.151290
0 0.946834 0.413800 0.064123 0.221657